1263235950 27
1263240211 27
1263248785 27
1263335961 27
1263391666 12
1263402193 12
1263406538 12
1263406927 12
1263406997 13
1263407209 13
1263407660 12
1263417537 28
1263417786 30
1263420720 30
1263420781 30
1263420839 30
1263422125 30
1263493638 30
1263494846 30
1263496809 30
1263576507 30
1263582614 49
1263582714 49
1263767793 548
1263785631 548
1263786635 556
1263786721 556
1263788533 556
1263791739 933
1264003771 933
1264011642 1041
1264030703 1043
1264030731 1043
1264049349 1133
1264080492 1133
1264138692 2925
1264190938 2947
1264318381 2947
1264321439 2947
1264360407 2947
1264363153 4638
1264374870 4638
1264448033 4658
1264480299 4658
1264538543 4658
1264603388 4658
1264604252 4658
1264642889 4658
1264695250 5158
1264706400 5158
1264789285 5184
1264973586 5184
1264976288 5184
1264980111 5184
1265167487 5184
1265174597 5184
1265180346 5184
1265209069 5184
1265218279 5184
1265218294 5184
1265218483 5184
1265219464 5199
1265219486 5199
1265220317 5225
1265220686 5225
1265265832 5225
1265265850 5225
1265310395 5225
1265392952 5225
1265424008 5225
1265588816 5225
1265589864 5225
1265597212 7637
1265597646 7637
1265598841 7637
1265601170 7637
1265608053 7637
1265650632 7660
1265651033 7636
1265651313 7636
1265810529 7825
1265810790 7825
1265811749 7825
1265825164 7825
1266939414 7825
1266953325 7825
1267203173 7827
1267203336 7827
1267410965 8064
1267411184 8064
1267810447 8062
1267817430 8218
1267817455 8218
1267838939 8314
1267924185 8314
1268017982 8314
1268105414 12992
1268108633 14622
1268110276 14622
1268226746 15489
1268240352 15974
1268243443 15970
1268286609 15970
1268287987 15970
1268369230 15948
1268370437 15678
1268370709 15678
1268375580 15742
1268380437 15742
1268408471 15749
1268416031 15871
1268416059 15871
1268416719 15871
1268418412 15878
1268434814 15932
1268532289 15933
1268602434 15934
1268604958 15936
1268685458 17284
1268695396 17284
1268695721 17284
1268696391 17305
1268697194 17304
1268697534 17580
1268697548 17580
1268708645 17580
1268712078 17580
1268715076 17255
1268794111 17254
1268795314 17254
1268836819 17270
1268838849 17201
1268846306 17208
1268846357 17211
1268846814 17225
1268846838 17225
1268849621 17300
1268852055 17354
1268853206 17356
1268853226 17356
1268853348 17356
1268856272 17403
1268858965 18586
1268860278 18770
1268860576 18770
1268860722 18827
1268861421 18827
1268878460 18879
1268889504 18881
1268902932 18887
1268903356 18887
1268938615 18899
1268938626 18899
1268940252 18892
1268942793 18893
1268979105 18972
1269015357 19442
1269015450 19456
1269015463 19053
1269016844 19618
1269016854 19215
1269018655 19794
1269061378 19804
1269070088 19804
1269070328 19804
1269070498 19804
1269119583 19990
1269120611 20009
1269123885 20010
1269124817 20016
1269141688 20020
1269186407 20030
1269200294 20032
1269208270 20089
1269208401 20089
1269208720 20192
1269211111 20192
1269211378 20188
1269211575 20188
1269279603 20194
1269290325 20219
1269290678 20335
1269290709 20335
1269334964 20389
1269409946 20986
1269438584 20905
1269441555 21462
1269447560 21650
1269447703 22522
1269447716 22522
1269448589 22522
1269448720 22520
1269448738 22520
1269451384 22515
1269452041 22515
1269462589 22638
1269473929 22639
1269548940 22748
1269615706 22747
1269621134 22833
1269633887 21671
1269634503 21681
1269790242 21611
1269824894 21645
1269828515 21645
1269830293 21667
1269893730 21671
1269895719 21679
1269895811 21687
1269895918 21687
1269898497 21692
1269898513 21692
1269904643 24473
1269905718 24473
1269905742 24473
1269910487 43840
1269910500 43840
1269912101 67254
1269930575 79657
1269959354 79658
1269960223 79658
1269960877 79658
1269961005 79658
1269962370 79656
1269962648 79655
1269962922 79655
1269970462 57396
1269970480 57396
1269994177 129722
1270047578 129739
1270048121 129739
1270150427 129739
1270153901 129739
1270154168 129741
1270183938 128482
1270185140 128518
1270187800 130235
1270187827 130235
1270240398 130253
1270240692 130235
1270241582 130255
1270241767 130255
1270241781 130255
1270247551 130265
1270249023 130273
1270269810 130263
1270269998 130263
1270270064 130263
1270270320 130263
1270342032 130263
1270399998 130264
1270400091 130264
1270400459 130264
1270414389 130357
1270415070 130362
1270416017 130362
1270416713 130362
1270417573 130385
1270419283 130385
1270423494 130396
1270430545 130396
1270434429 130396
1270447055 130430
1270447206 130430
1270501513 130458
1270502443 130462
1270537188 130462
1270538593 130462
1270538823 130462
1270538993 130462
1270556471 130462
1270557878 130469
1270557976 130469
1270564021 130474
1270564308 130474
1270576338 130474
1270576910 130490
1270576934 130490
1270577182 130490
1270577290 130490
1270577796 130490
1270578241 130492
1270578454 130492
1270580653 130498
1270580710 130498
1270584024 130520
1270584289 130520
1270584468 130520
1270585677 130519
1270589569 130540
1270589661 130540
1270590141 130542
1270590161 130542
1270590610 130544
1270590634 130544
1270590754 130542
1270591380 130543
1270593553 130565
1270594746 130565
1270594824 130593
1270594827 130593
1270594919 130593
1270594994 130593
1270595015 130593
1270595044 130593
1270595499 130594
1270595525 130594
1270595798 130599
1270596033 130599
1270596391 130599
1270597043 130602
1270597761 130603
1270597940 130603
1270598105 130604
1270598281 130604
1270598803 130605
1270600127 130605
1270600286 130607
1270602669 130607
1270604056 130601
1270604159 130601
1270605274 130601
1270607947 130634
1270613139 130685
1270614918 130707
1270615458 130743
1270615875 130743
1270638429 130743
1270638937 130743
1270639036 130743
1270648264 130765
1270648278 130765
1270648911 130777
1270660257 131641
1270824167 131645
1270824237 131645
1270840003 131692
1270922745 131692
1270922977 131692
1270925723 131699
1270926137 131718
1270926410 131718
1270927899 131746
1270927923 131746
1270930197 131747
1270930735 131750
1270931131 131771
1270931638 131750
1270933186 131764
1270934906 131771
1270935376 131773
1270935390 131773
1270935756 131775
1270936110 131782
1270936142 131782
1270936728 131829
1270937777 131765
1270939332 131834
1270939354 131834
1270940446 131839
1270940462 131839
1270940637 131839
1270940892 131839
1270940936 131839
1270940948 131839
1270941339 131887
1270941361 131982
1270941599 131982
1270942454 131839
1270942871 131839
1270942990 131839
1270943490 131982
1270943982 131982
1270944093 131982
1270944673 131839
1270946419 131982
1270946430 131982
1270947191 131982
1270948503 131982
1270952207 131987
1270952739 131989
1270952750 132685
1270952765 132685
1270952820 131989
1270952838 132685
1270952854 132685
1270952882 132685
1270952938 131989
1270953090 132702
1270953208 132705
1270953611 132008
1270954175 132008
1270954259 132008
1270954463 132705
1270955221 132721
1270955288 132721
1270955673 132721
1270956422 132722
1270956445 132722
1270958024 132744
1270958188 132744
1270959325 132735
1270959624 132733
1270959643 132733
1270959712 132731
1270960168 132731
1270960338 132731
1270960460 132731
1270960463 132731
1270960529 132731
1270960749 132731
1270960828 132731
1270962063 132731
1270967250 132732
1270968148 132737
1270969078 132800
1270969150 132800
1270971916 132806
1270975977 132794
1270978276 132810
1271010258 132809
1271011113 132809
1271013303 132809
1271017255 132811
1271018699 132811
1271019361 132811
1271019384 132811
1271020431 132809
1271025199 132812
1271026614 132926
1271027623 132932
1271029623 132932
1271031801 132932
1271032564 132932
1271034262 132932
1271034273 132932
1271034368 132932
1271034388 132932
1271038573 132932
1271038594 132932
1271039341 132932
1271040219 132932
1271045711 132932
1271046017 132932
1271046553 132932
1271054101 132932
1271057042 132932
1271060305 132932
1271069098 95857
1271069310 95857
